0 0.58656 0.00491803 0.298405 0.0088993
0 0.472665 0.355972 0.211845 0.00936768
0 0.551253 0.312646 0.355353 0.0220141
0 0.603645 0.374473 0.241458 0.0088993
0 0.54328 0.749649 0.412301 0.0454333
0 0.544419 0.0447307 0.318907 0.0117096
0 0.548975 0.149649 0.346241 0.0117096
0 0.507973 0.306557 0.350797 0.018267
0 0.526196 0.446838 0.464692 0.0299766
0 0.559225 0.223185 0.330296 0.0173302
0 0.53303 0.11897 0.33713 0.0159251
0 0.523918 0.606323 0.455581 0.0173302
0 0.535308 0.742857 0.464692 0.0196721
0 0.525057 0.98548 0.52164 0.0290398
0 0.514806 0.929977 0.451025 0.0173302
0 0.523918 0.845902 0.455581 0.0196721
0 0.531891 0.547073 0.425968 0.0262295
0 0.523918 0.797424 0.460137 0.0248244
0 0.52164 0.652459 0.441913 0.0290398
0 0.523918 0.886885 0.505695 0.0332553
