0 0.600228 0.35082 0.375854 0.0140515
0 0.583144 0.376347 0.382688 0.0107728
0 0.605923 0.299063 0.378132 0.0192037
0 0.589977 0.274005 0.341686 0.0112412
0 0.567198 0.433489 0.36902 0.0135831
0 0.567198 0.54637 0.42369 0.0192037
0 0.599089 0.307026 0.382688 0.0229508
0 0.542141 0.987119 0.469248 0.0257611
0 0.567198 0.73911 0.473804 0.0224824
0 0.628702 0.218501 0.378132 0.0173302
0 0.544419 0.845199 0.455581 0.0154567
0 0.634396 0.120141 0.353075 0.0173302
0 0.566059 0.796721 0.453303 0.024356
0 0.572893 0.652693 0.457859 0.0257611
0 0.552392 0.890164 0.476082 0.0257611
