0 0.506834 0.30445 0.32574 0.0168618
0 0.490888 0.444731 0.43508 0.0266979
0 0.470387 0.605855 0.343964 0.0135831
0 0.495444 0.930211 0.453303 0.0149883
0 0.457859 0.223653 0.355353 0.0201405
0 0.477221 0.118033 0.366743 0.0149883
0 0.481777 0.845667 0.425968 0.0154567
0 0.47836 0.54637 0.42369 0.0248244
0 0.473804 0.652927 0.428246 0.0262295
0 0.471526 0.984543 0.514806 0.0309133
0 0.473804 0.74192 0.446469 0.0196721
0 0.474943 0.796487 0.448747 0.0248244
0 0.472665 0.887588 0.485194 0.0318501
