0 0.569971 0.641086 0.545189 0.0131025
0 0.527697 0.307908 0.536443 0.0131025
0 0.533528 0.592653 0.600583 0.0210576
0 0.569971 0.623304 0.545189 0.0149743
0 0.655977 0.957651 0.623907 0.0201217
0 0.51895 0.29387 0.501458 0.0140384
0 0.548105 0.533926 0.542274 0.0177819
0 0.530612 0.470519 0.553936 0.0229293
0 0.530612 0.102012 0.51312 0.0252691
0 0.524781 0.153018 0.530612 0.0177819
0 0.536443 0.184371 0.530612 0.0187178
0 0.523324 0.237248 0.510204 0.0149743
0 0.537901 0.372953 0.498542 0.0149743
0 0.514577 0.339729 0.521866 0.0271409
0 0.527697 0.258306 0.472303 0.0140384
0 0.575802 0.730229 0.609329 0.0285447
0 0.536443 0.504913 0.530612 0.0159102
0 0.51895 0.0287787 0.51312 0.0238652
0 0.51312 0.421853 0.559767 0.0219934
