0 0.463557 0.351193 0.437318 0.051942
0 0.453353 0.476369 0.527697 0.0177819
0 0.473761 0.300889 0.475219 0.0215255
0 0.479592 0.279598 0.48688 0.0116986
0 0.440233 0.597333 0.489796 0.0566214
0 0.446064 0.094525 0.478134 0.0205896
0 0.469388 0.0575573 0.483965 0.0121666
0 0.447522 0.308844 0.48688 0.0131025
0 0.43586 0.584464 0.498542 0.0224614
0 0.475219 0.293402 0.501458 0.0131025
0 0.454811 0.466776 0.548105 0.0191858
0 0.447522 0.184605 0.469388 0.0191858
0 0.431487 0.641086 0.524781 0.0140384
0 0.440233 0.537202 0.51312 0.0196537
0 0.443149 0.592185 0.51895 0.0191858
0 0.444606 0.102948 0.492711 0.0243332
0 0.462099 0.340664 0.492711 0.0243332
0 0.422741 0.679691 0.536443 0.0154422
0 0.425656 0.622836 0.501458 0.0140384
0 0.463557 0.153954 0.507289 0.0159102
0 0.450437 0.506083 0.510204 0.0154422
0 0.41691 0.731165 0.559767 0.0229293
0 0.462099 0.420917 0.539359 0.0210576
0 0.457726 0.372953 0.483965 0.0140384
0 0.453353 0.237015 0.498542 0.0163781
0 0.460641 0.259476 0.483965 0.0145063
0 0.446064 0.0278428 0.495627 0.0229293
