0 0.418182 0.0914834 0.41039 0.0126345
0 0.976623 0.267665 0.0467532 0.0149743
0 0.442857 0.835049 0.485714 0.017314
0 0.445455 0.461862 0.402597 0.0402433
0 0.407792 0.0980346 0.405195 0.0201217
0 0.396104 0.174778 0.45974 0.0191858
0 0.405195 0.15372 0.4 0.0116986
0 0.403896 0.105522 0.407792 0.0191858
0 0.468831 0.577913 0.449351 0.016846
0 0.468831 0.625643 0.438961 0.0149743
0 0.409091 0.182499 0.433766 0.0187178
0 0.453247 0.524801 0.45974 0.0229293
0 0.441558 0.414834 0.446753 0.0163781
0 0.431169 0.339027 0.451948 0.017314
0 0.466234 0.652082 0.45974 0.0145063
0 0.444156 0.490173 0.462338 0.0182499
0 0.427273 0.258072 0.423377 0.0154422
0 0.422078 0.291062 0.418182 0.0112307
0 0.420779 0.233505 0.436364 0.0149743
0 0.414286 0.207534 0.428571 0.0135704
0 0.462338 0.74029 0.441558 0.0159102
0 0.388312 0.0306504 0.47013 0.0219934
0 0.436364 0.452971 0.446753 0.016846
0 0.454545 0.712213 0.488312 0.016846
