0 0.575325 0.0956949 0.428571 0.0191858
0 0.579221 0.291296 0.425974 0.0116986
0 0.549351 0.492981 0.454545 0.0116986
0 0.585714 0.104118 0.428571 0.0191858
0 0.553247 0.4511 0.472727 0.0177819
0 0.528571 0.652784 0.485714 0.0159102
0 0.536364 0.625877 0.47013 0.0135704
0 0.58961 0.206598 0.451948 0.0116986
0 0.550649 0.415536 0.425974 0.0215255
0 0.542857 0.519888 0.503896 0.0159102
0 0.525974 0.74146 0.522078 0.0163781
0 0.584416 0.256668 0.462338 0.017314
0 0.57013 0.339495 0.45974 0.0201217
0 0.575325 0.233037 0.475325 0.0159102
0 0.580519 0.181563 0.485714 0.0196537
0 0.588312 0.0294806 0.480519 0.026205
0 0.506494 0.582124 0.493506 0.0140384
0 0.533766 0.711511 0.522078 0.0182499
